39.6435188
41.73550651
43.70386749
45.59752512
47.44376057
49.22414953
50.94063898
52.59512744
54.18946618
55.72546025
57.20486968
58.62941047
60.00075568
61.32053643
62.59034292
63.81172539
64.98619508
66.11522516
67.20025165
68.24267429
69.24385741
70.2051308
71.12779051
72.01309967
72.86228928
73.67655898
74.4570778
75.20507849
75.94243447
76.66800439
77.38074463
78.07970525
78.76402602
79.43293254
80.08573257
80.72181228
81.3406328
81.9417267
82.52469474
83.08920252
83.63497739
84.16180538
84.66952821
85.15804041
85.62728657
86.07725857
86.50799299
86.91956854
87.31210365
87.68575403
88.04071039
88.37719619
88.69546552
88.99580098
89.27851166
89.54393124
89.79241606
90.02434336
90.24010948
90.44012824
90.62482925
90.79465641
90.95006638
91.09152714
91.21951663
91.33452138
91.43703525
91.52755821
91.6065952
91.67465492
91.73224887
91.77989023
91.81809293
91.84737073
91.86823627
91.88120029
91.88688229
91.88839744
91.88839744
91.88839744
91.88839744
91.88839744
91.88839744
91.88839744
91.88839744
91.88839744
91.88839744
91.88839744
91.88839744
91.88839744
91.88839744
91.88839744
91.88839744
91.88839744
91.88839744
91.88839744
91.88839744
91.88839744
91.88839744
91.88839744
91.99348548
92.12454651
92.25519913
92.38528194
92.51464058
92.64312776
92.77060337
92.89693457
93.02199582
93.14566892
93.26784304
93.38841476
93.50728797
93.62437397
93.73959135
93.85286598
93.96413095
94.0733265
94.18039996
94.28530563
94.3880047
94.48846517
94.58666168
94.68257544
94.77619407
94.87901865
95.03217647
95.18676599
95.34278076
95.50021455
95.65906133
95.81931527
95.98097074
96.14402231
96.3084647
96.49096621
96.71010318
96.93286811
97.15923479
97.38917506
97.62265881
97.85965413
98.10012733
98.34404302
98.59136424
98.84205245
99.09606759
99.35336831
99.61391177
99.87765393
100.1445496
100.4145523
100.6876147
100.9636882
101.2427235
101.5246703
101.8094774
102.0970931
102.3874649
102.6805395
102.9762632
103.2745819
103.5754409
103.8787851
104.1845593
104.4927078
104.8031748
105.1159044
105.4308406
105.7479272
106.0671083
106.3883279
106.7115303
107.0366596
107.3636608
107.6924786
108.0230583
108.3553457
108.6892868
109.0248284
109.3619176
109.7005022
110.0405307
110.3819523
110.7247168
111.0687749
111.4140781
111.7605789
112.1082306
112.4569874
112.8068047
113.1576388
113.5094471
113.8621881
114.2158217
114.5703086
114.9256111
115.2816925
115.6385177
115.9960525
116.3542646
116.7131227
117.072597
117.4326594
117.793283
118.1544425
118.5161143
118.8782761
119.2409074
119.6039892
119.9675041
120.3314367
120.6957727
121.0604999
121.4256078
121.7910874
122.1569315
122.5231349
122.8896939
123.2566067
123.6238731
123.9914949
124.3594757
124.7278208
125.0965374
125.4656343
125.8351225
126.2050145
126.5753248
126.9460695
127.3172667
127.6889364
128.0611002
128.4337816
128.8070058
129.1807998
129.5551926
129.9302146
130.3058983
130.6822776
131.0593884
131.4372681
131.8159558
132.1954926
132.5759206
132.9572842
133.3396289
133.723002
134.1074524
134.4930303
134.8797876
135.2677775
135.6570549
136.0476757
136.4396975
136.8331792
137.2281807
137.6247635
138.0229903
138.4229246
138.8246317
139.2281774
139.6336288
140.0410542
140.4505224
140.8621036
141.2758687
141.6918894
142.1102381
142.5309883
142.9542136
143.3799888
143.808389
144.2394899
144.6733675
145.1100985
145.5497597
145.9924284
146.4381821
146.8870983
147.3392549
147.7947297
148.2536005
148.7159452
149.1818414
149.6513666
150.124598
150.6016127
151.0824871
151.5672974
152.0561191
152.5490275
153.0460967
153.5474006
154.0530121
154.5630033
155.0774454
155.5964086
156.119962
156.6481737
157.1811105
157.7188382
158.2614209
158.8089216
159.3614017
159.9189212
160.4815383
161.0493096
161.6222903
162.2005332
162.7840897
163.373009
163.9673384
164.5671231
165.1724063
