24.21603668
27.76392576
31.05812474
34.11272657
36.94126062
39.55670907
41.97152296
44.19763785
46.24648927
48.12902763
49.85573305
51.43662963
52.88129959
54.19889697
55.39816113
56.48742985
57.47465218
58.36740102
59.17288536
59.89796229
60.54914868
61.13263263
61.65428459
62.11966834
62.53405155
62.90241619
63.22946866
63.51964968
63.77986482
64.02124681
64.24612443
64.45667649
64.6549378
64.84280487
65.02204165
65.19428489
65.36104955
65.52373394
65.68362478
65.84190207
65.99964387
66.15783094
66.31735119
66.47900406
66.64350478
66.81148844
66.983514
67.16006816
67.34156907
67.52837002
67.72076293
67.91898175
68.12320577
68.33356283
68.55013239
68.77294851
69.00200277
69.23724705
69.47859619
69.72593064
69.97909895
70.23792017
70.50218623
70.77166413
71.04609814
71.32521189
71.62235332
72.01186156
72.41093197
72.81906332
73.23573249
73.66039698
74.09249736
74.53145956
74.97669714
75.42761342
75.88360347
76.34405616
76.80835594
77.27588467
77.7460233
78.21815351
78.69165919
79.16592799
79.64035262
80.11433222
80.58727357
81.05859228
81.52771389
81.9940749
82.45712376
82.91632177
83.37114395
83.82107982
84.26563414
84.7043276
85.13669743
85.562298
85.98070136
86.39149766
86.79429563
87.18872298
87.57442667
87.95107329
88.31834924
88.67596103
89.02363537
89.3611194
89.6881807
90.00460745
90.3102084
90.60481293
90.88827096
91.16045296
91.42124983
91.67057279
91.90835323
92.13454258
92.34911212
92.55205274
92.74337473
92.92310751
93.0942088
93.25737267
93.41259973
93.55990377
93.69931161
93.8308629
93.95460987
94.07061711
94.17896129
94.27973097
94.3730263
94.45895874
94.53765081
94.60923579
94.67537072
94.73773813
94.79638462
94.85136201
94.90272718
94.95054198
94.99487308
95.03579181
95.07337407
95.10770016
95.13885463
95.16692615
95.19200739
95.21419481
95.23358857
95.25029236
95.26441323
95.27606148
95.28535047
95.29239651
95.29731865
95.30023858
95.30128046
95.30128046
95.30128046
95.30128046
95.30128046
95.30128046
95.30128046
95.30128046
95.30128046
95.30128046
95.30128046
95.30128046
95.30128046
95.30128046
95.30128046
95.30128046
95.30128046
95.30128046
95.30128046
95.30128046
95.30128046
95.30128046
95.30128046
95.30128046
95.30128046
95.30128046
95.30128046
95.30128046
95.30128046
95.30128046
95.30128046
95.30128046
95.30128046
95.30128046
95.30128046
95.30128046
95.30128046
95.30128046
95.30128046
95.33521881
95.37337294
95.41511465
95.55435079
95.71377564
95.88296678
96.06207811
96.25125625
96.4506404
96.6603623
96.97094911
97.36193722
97.76950693
98.19375769
98.6347772
99.09264146
99.56741468
100.0591493
100.567886
101.0936539
101.6364702
102.1963406
102.7732591
103.3672081
103.9781587
104.6060704
105.2508912
105.9125583
106.5909971
107.2861225
107.997838
108.7260364
109.4706
110.2314
111.0082975
111.8011431
112.6097773
113.4340305
114.2737233
115.1286665
115.9986614
116.8835001
117.7829651
118.6968305
119.6248611
120.5668133
121.5224352
122.4914666
123.4736392
124.4686773
125.4762972
126.4962082
127.5281125
128.5717052
129.6266751
130.6927044
131.7694691
132.8566394
133.9538799
135.0608497
136.1772027
137.3025878
138.4366496
139.5790278
140.7293584
141.8872733
143.0524007
144.2243656
145.4027897
146.587292
147.7774889
148.9729945
150.1734206
151.3783777
152.5874742
153.8003175
155.0165141
156.2356696
157.457389
158.6812774
159.9069395
161.1339807
162.3620068
163.5906241
164.8194404
166.0480645
167.2761068
168.5031796
169.7288971
170.9528758
172.1747347
173.3940956
174.6105832
175.8238256
177.033454
178.2391036
179.4404132
180.6370259
181.828589
183.0147543
184.1951785
185.3695228
186.5374541
187.6986441
188.8527702
189.9995156
191.1385693
192.2696262
193.3923874
194.5065607
195.6118601
196.7080065
197.7947275
198.8717578
199.938839
200.9957205
202.0421585
203.0779171
