29.10206571
37.72371374
46.30597344
54.85235886
56.62552062
58.36924525
60.0864704
61.77995584
63.99136847
66.1840545
68.36028042
70.5221612
71.42482968
72.3169529
73.20022769
74.07622309
74.94638596
75.81204639
76.67442293
77.53462772
78.06032948
78.58578435
79.1118146
79.63915516
80.16845805
80.70029674
81.23517027
81.7735073
82.31567006
82.86195812
83.41261208
83.96781717
84.43206697
84.90108576
85.37491275
85.85354489
86.33693981
86.82501875
87.3176694
87.81474849
88.31608449
88.82148004
89.33071439
89.84354565
90.3597131
90.87893921
91.40093175
91.92538572
92.45198521
92.98040518
93.51031314
94.04137091
94.57323595
95.10556296
95.63800534
96.17021635
96.70185045
97.23256457
97.76201907
98.28987884
98.81581444
99.33950279
99.86062827
100.3788833
100.799267
101.2161926
101.6293813
102.0385652
102.4434876
102.8439039
103.2395815
103.6303009
104.0158552
104.396051
104.7707085
105.139662
105.5027592
105.8598624
106.2108481
106.5556068
106.8940438
107.2260783
107.5516441
107.8706892
108.1831756
108.4890795
108.788391
109.0811137
109.367265
109.6468755
109.9199887
110.186661
110.4469615
110.7009711
110.9487829
111.1905014
111.3580991
111.5198456
111.6758782
111.8263436
111.9713985
112.1112087
112.2459489
112.3782155
112.5104821
112.6427487
112.7750153
112.9072819
113.0395485
113.1718151
113.3040817
113.4363483
113.5686149
113.7008816
113.8331482
113.9654148
114.0976814
114.229948
114.3622146
114.4944812
114.6267478
114.7590144
114.891281
115.0235477
115.1558143
115.2880809
115.4203475
115.5526141
115.6475159
115.7424177
115.8373195
115.9322214
116.0271232
116.122025
116.2169268
116.3118286
116.4067305
116.5016323
116.5965341
116.6914359
116.7863377
116.8812396
116.9761414
117.0710432
117.165945
117.2608468
117.3557486
117.4506505
117.5455523
117.6404541
117.735356
117.8302578
117.9251596
118.0200614
118.1149632
118.209865
118.3047668
118.3996687
118.4945705
118.5894723
118.7430791
118.8966859
119.0502928
119.2038996
119.3575064
119.5111132
119.66472
119.8183269
119.9719337
120.1255405
120.3410954
120.6199926
120.9031699
121.1905016
121.4818542
121.7770873
122.0760531
122.3785971
122.6845585
122.9937702
123.3060594
123.6212477
123.9391517
124.259583
124.582349
124.9072533
125.2340954
125.5626719
125.8927766
126.2242007
126.5567339
126.890164
127.5350476
128.1804012
128.8260108
129.4716627
130.1171441
130.7622433
131.4067503
132.0504575
132.6931595
133.3346546
133.9747441
134.613234
135.2499343
135.8846604
136.5172331
137.1474793
137.775232
138.4003314
139.0226251
139.6419683
140.2582245
140.871266
141.4809741
142.0872396
142.6899633
143.2890561
143.8844398
144.4760473
145.0638225
145.6477213
146.2277117
146.8037739
147.7231425
148.6385812
149.5501089
150.4577574
151.3615723
152.2616127
153.1579516
154.0506758
154.9398859
155.8256967
156.7082371
157.5876498
158.4640915
159.3377331
160.2087588
161.0773667
161.9437682
162.808188
163.6708636
164.532045
165.3919945
166.2509863
167.1093059
167.9672494
168.8251236
169.6832447
170.5419378
171.4015367
172.2623823
173.1248225
173.9892108
174.8559057
175.4924136
176.1319554
176.7748977
177.4216077
178.0724516
178.7277933
179.3879931
180.0534062
180.724381
181.4012578
182.0843664
182.7740249
183.4705376
184.1741929
184.8852616
185.6039941
186.3306187
187.0653393
187.8083325
188.5597454
189.3196931
190.0882554
190.8654747
191.6513525
192.4458466
193.2488681
194.0602778
194.8798829
195.7074339
196.5426204
197.385068
198.2343338
198.9538561
199.6790907
200.4093662
201.1439264
201.8819257
202.6224249
203.3643859
204.1066673
204.8480193
205.5870782
206.3223613
207.0522618
207.7750424
208.4888303
209.1916107
209.8812214
210.5553457
211.2115068
211.8470607
212.4591899
213.0448962
213.6009936
214.1241015
214.6106366
215.0568061
215.4995219
215.9422376
